[9999, 3, 5, 48, 48, 8, 8, 5, 5, 3, 3, 0, 3, 5, 8, 8, 5]
[3, 9999, 3, 48, 48, 8, 8, 5, 5, 0, 0, 3, 0, 3, 8, 8, 5]
[5, 3, 9999, 72, 72, 48, 48, 24, 24, 3, 3, 5, 3, 0, 48, 48, 24]
[48, 48, 74, 9999, 0, 6, 6, 12, 12, 48, 48, 48, 48, 74, 6, 6, 12]
[48, 48, 74, 0, 9999, 6, 6, 12, 12, 48, 48, 48, 48, 74, 6, 6, 12]
[8, 8, 50, 6, 6, 9999, 0, 8, 8, 8, 8, 8, 8, 50, 0, 0, 8]
[8, 8, 50, 6, 6, 0, 9999, 8, 8, 8, 8, 8, 8, 50, 0, 0, 8]
[5, 5, 26, 12, 12, 8, 8, 9999, 0, 5, 5, 5, 5, 26, 8, 8, 0]
[5, 5, 26, 12, 12, 8, 8, 0, 9999, 5, 5, 5, 5, 26, 8, 8, 0]
[3, 0, 3, 48, 48, 8, 8, 5, 5, 9999, 0, 3, 0, 3, 8, 8, 5]
[3, 0, 3, 48, 48, 8, 8, 5, 5, 0, 9999, 3, 0, 3, 8, 8, 5]
[0, 3, 5, 48, 48, 8, 8, 5, 5, 3, 3, 9999, 3, 5, 8, 8, 5]
[3, 0, 3, 48, 48, 8, 8, 5, 5, 0, 0, 3, 9999, 3, 8, 8, 5]
[5, 3, 0, 72, 72, 48, 48, 24, 24, 3, 3, 5, 3, 9999, 48, 48, 24]
[8, 8, 50, 6, 6, 0, 0, 8, 8, 8, 8, 8, 8, 50, 9999, 0, 8]
[8, 8, 50, 6, 6, 0, 0, 8, 8, 8, 8, 8, 8, 50, 0, 9999, 8]
[5, 5, 26, 12, 12, 8, 8, 0, 0, 5, 5, 5, 5, 26, 8, 8, 9999]
Metoda k-random: 
k:  100
Droga:  128
Cykl:  [1, 5, 14, 9, 2, 11, 0, 3, 8, 16, 10, 6, 4, 15, 7, 12, 13]
PRD(x):228.2051282051282%
Metoda najbliższego sąsiada: 
8
Droga:  79
Cykl:  [8, 0, 1, 2, 9, 11, 10, 13, 12, 7, 5, 3, 6, 4, 14, 16, 15]
PRD(x):102.56410256410257%
Roszerzona metoda najbliższego sąsiada: 
Algorytm 2-OPT: 
Droga:  39
Cykl:  [7, 8, 9, 10, 1, 12, 13, 2, 11, 0, 6, 5, 15, 14, 3, 4, 16]
PRD(x):0.0%
